,fcday,nettype,rmse,acc,member,rmse_std,acc_std,varname
21,3,base,425.85,0.73,1.5,3.450165291894149,0.0021368344864714606,geopotential1000
22,3,hemconv,403.31,0.75,1.5,3.8106939066210685,0.004152940233967978,geopotential1000
23,3,hemconv_sharedweights,387.29,0.79,1.5,12.464055523446525,0.006881788598026419,geopotential1000
24,3,persistence,684.43,0.35,3.0,,,geopotential1000
25,3,sphereconv,374.32,0.79,1.5,3.9095937331328474,0.0020086023476007233,geopotential1000
26,3,sphereconv_hemconv,350.21,0.82,1.5,6.3560457344553,0.006108364841123569,geopotential1000
27,3,sphereconv_hemconv_shared,330.62,0.84,1.5,3.601339492379276,0.002037901907866458,geopotential1000
35,5,base,621.39,0.42,1.5,10.166170119729651,0.01112787801028695,geopotential1000
36,5,hemconv,578.11,0.47,1.5,8.719763880971643,0.00828959544726836,geopotential1000
37,5,hemconv_sharedweights,574.53,0.52,1.5,25.66171611980823,0.015808406521678933,geopotential1000
38,5,persistence,738.63,0.25,3.0,,,geopotential1000
39,5,sphereconv,563.42,0.53,1.5,6.3865562021063615,0.00917082512306912,geopotential1000
40,5,sphereconv_hemconv,540.96,0.56,1.5,15.001861478395764,0.016587973740532058,geopotential1000
41,5,sphereconv_hemconv_shared,523.64,0.59,1.5,12.028427859273485,0.0065796588106075415,geopotential1000
21,3,base,423.08,0.81,1.5,4.879820116199921,0.0033809894768769694,geopotential700
22,3,hemconv,407.4,0.83,1.5,12.201320047802323,0.005869855283828867,geopotential700
23,3,hemconv_sharedweights,386.38,0.85,1.5,15.533742277362151,0.005443458257533581,geopotential700
24,3,persistence,715.7,0.5,3.0,,,geopotential700
25,3,sphereconv,377.54,0.85,1.5,4.060835237009103,0.002499947769653099,geopotential700
26,3,sphereconv_hemconv,355.44,0.87,1.5,6.901419206664558,0.005640727695141468,geopotential700
27,3,sphereconv_hemconv_shared,325.88,0.89,1.5,3.421947802589425,0.0028064817755045967,geopotential700
35,5,base,633.71,0.56,1.5,14.208332923310854,0.011175179151087223,geopotential700
36,5,hemconv,601.79,0.63,1.5,17.60756907615897,0.008657400076186882,geopotential700
37,5,hemconv_sharedweights,589.4,0.65,1.5,27.55753794181302,0.013762988378463856,geopotential700
38,5,persistence,791.57,0.39,3.0,,,geopotential700
39,5,sphereconv,589.12,0.64,1.5,9.36835439405835,0.003401185375289787,geopotential700
40,5,sphereconv_hemconv,564.61,0.67,1.5,19.391159697695716,0.018259929577822014,geopotential700
41,5,sphereconv_hemconv_shared,535.8,0.71,1.5,12.359116196465417,0.010784494922474451,geopotential700
21,3,base,542.1,0.86,1.5,6.784868198031371,0.0038012864802067226,geopotential500
22,3,hemconv,518.58,0.88,1.5,15.142199544379206,0.003868109818645247,geopotential500
23,3,hemconv_sharedweights,491.87,0.89,1.5,13.931126241940788,0.004041622416607658,geopotential500
24,3,persistence,936.03,0.62,3.0,,,geopotential500
25,3,sphereconv,487.07,0.89,1.5,6.376537460022691,0.0027329062212261617,geopotential500
26,3,sphereconv_hemconv,455.48,0.91,1.5,13.152896732685905,0.0051774422662872665,geopotential500
27,3,sphereconv_hemconv_shared,415.24,0.92,1.5,6.138489181703081,0.002318024766577061,geopotential500
35,5,base,844.96,0.66,1.5,39.77928417255379,0.020127071466840406,geopotential500
36,5,hemconv,784.79,0.72,1.5,23.774185074872797,0.007658272025800717,geopotential500
37,5,hemconv_sharedweights,766.67,0.74,1.5,26.27569018309997,0.01192567790300527,geopotential500
38,5,persistence,1033.36,0.53,3.0,,,geopotential500
39,5,sphereconv,772.52,0.72,1.5,8.23069195026481,0.004014261165463958,geopotential500
40,5,sphereconv_hemconv,736.43,0.74,1.5,27.85468418471167,0.016040931949697808,geopotential500
41,5,sphereconv_hemconv_shared,695.64,0.78,1.5,11.466950510812776,0.008167666853702016,geopotential500
21,3,base,758.22,0.89,1.5,30.92760417434734,0.005225171752847562,geopotential300
22,3,hemconv,707.17,0.91,1.5,27.34642429148458,0.003693591691497526,geopotential300
23,3,hemconv_sharedweights,674.14,0.91,1.5,20.15606803554738,0.0032345308530111277,geopotential300
24,3,persistence,1289.63,0.68,3.0,,,geopotential300
25,3,sphereconv,680.16,0.91,1.5,11.907521840552315,0.0021700051710132045,geopotential300
26,3,sphereconv_hemconv,622.18,0.92,1.5,26.73194500862592,0.005098815627416551,geopotential300
27,3,sphereconv_hemconv_shared,571.83,0.94,1.5,6.945755542893239,0.0021935137486584614,geopotential300
35,5,base,1194.32,0.71,1.5,69.49016286493247,0.021777719744453704,geopotential300
36,5,hemconv,1083.36,0.78,1.5,55.69289854236363,0.010299705494709526,geopotential300
37,5,hemconv_sharedweights,1058.51,0.78,1.5,39.06573042572923,0.010632824998454663,geopotential300
38,5,persistence,1410.93,0.62,3.0,,,geopotential300
39,5,sphereconv,1070.37,0.77,1.5,16.60102354166996,0.0038890630675447184,geopotential300
40,5,sphereconv_hemconv,1006.76,0.79,1.5,45.72289610054208,0.014321125609765686,geopotential300
41,5,sphereconv_hemconv_shared,957.59,0.82,1.5,13.876990152147153,0.007650443233214595,geopotential300
21,3,base,2.87,0.86,1.5,0.09287073730476163,0.007394355281062022,temperature850
22,3,hemconv,2.73,0.87,1.5,0.07497364507485367,0.006539406677534567,temperature850
23,3,hemconv_sharedweights,2.61,0.88,1.5,0.024042866186191312,0.001866301462486506,temperature850
24,3,persistence,4.3,0.69,3.0,,,temperature850
25,3,sphereconv,2.64,0.88,1.5,0.07046111745928751,0.006058740529190234,temperature850
26,3,sphereconv_hemconv,2.57,0.88,1.5,0.018459211347231365,0.0019356709552057034,temperature850
27,3,sphereconv_hemconv_shared,2.45,0.9,1.5,0.04534875729476698,0.003225371867427056,temperature850
35,5,base,4.11,0.7,1.5,0.15598071556211104,0.018774412565113863,temperature850
36,5,hemconv,3.83,0.74,1.5,0.111143586451278,0.00696231191917843,temperature850
37,5,hemconv_sharedweights,3.68,0.75,1.5,0.09608643910002207,0.0069700047362881165,temperature850
38,5,persistence,4.56,0.65,3.0,,,temperature850
39,5,sphereconv,3.73,0.75,1.5,0.1263988186872432,0.011722586844761566,temperature850
40,5,sphereconv_hemconv,3.68,0.75,1.5,0.03943986592897405,0.007163405497008074,temperature850
41,5,sphereconv_hemconv_shared,3.53,0.78,1.5,0.08449099241710924,0.007569809970636034,temperature850
