,fcday,nettype,rmse,acc,member,rmse_std,acc_std,varname
27,3,base,393.5,0.77,1.5,11.050482754851751,0.0076129685503302175,geopotential1000
28,3,base_latlon,397.37,0.77,1.5,0.3261458295930277,0.007182367978186071,geopotential1000
29,3,hemconv,377.79,0.79,1.5,10.082044265503868,0.013495410122755975,geopotential1000
30,3,hemconv_halfsize,408.78,0.75,1.5,11.666139006842364,0.00922295320190535,geopotential1000
31,3,hemconv_sharedweights,363.16,0.82,1.5,8.842856030187555,0.003902504573176876,geopotential1000
32,3,persistence,684.47,0.35,3.0,,,geopotential1000
33,3,sphereconv,362.97,0.81,1.5,5.5684792948606185,0.005984223807440449,geopotential1000
34,3,sphereconv_hemconv,341.1,0.83,1.5,2.748546375852149,0.006372707648668473,geopotential1000
35,3,sphereconv_hemconv_shared,328.78,0.84,1.5,7.649445622244058,0.004739056750467816,geopotential1000
45,5,base,575.16,0.5,1.5,13.890878931024966,0.011701434329424604,geopotential1000
46,5,base_latlon,586.93,0.49,1.5,7.742247622681141,0.011161861546962361,geopotential1000
47,5,hemconv,567.59,0.51,1.5,14.610838537123598,0.02472684834528035,geopotential1000
48,5,hemconv_halfsize,593.6,0.46,1.5,21.99262396202945,0.015991231478724926,geopotential1000
49,5,hemconv_sharedweights,554.18,0.56,1.5,14.793527967608783,0.006167112631586885,geopotential1000
50,5,persistence,738.69,0.25,3.0,,,geopotential1000
51,5,sphereconv,549.94,0.55,1.5,13.546830285761649,0.014118032420120073,geopotential1000
52,5,sphereconv_hemconv,520.49,0.58,1.5,5.222023134733521,0.013963716830402874,geopotential1000
53,5,sphereconv_hemconv_shared,525.28,0.59,1.5,20.466511775745417,0.015485212820970118,geopotential1000
27,3,base,396.65,0.84,1.5,10.301641199822427,0.0067418167722737695,geopotential700
28,3,base_latlon,400.62,0.83,1.5,4.601028720037666,0.0059379225399147275,geopotential700
29,3,hemconv,378.45,0.85,1.5,6.789768947790592,0.005860459753389971,geopotential700
30,3,hemconv_halfsize,413.16,0.83,1.5,9.999626503919151,0.0047275882809489425,geopotential700
31,3,hemconv_sharedweights,353.64,0.88,1.5,11.642833818561915,0.003209454299012254,geopotential700
32,3,persistence,715.71,0.5,3.0,,,geopotential700
33,3,sphereconv,366.16,0.87,1.5,8.983029497847104,0.0036926621429620213,geopotential700
34,3,sphereconv_hemconv,345.89,0.88,1.5,4.661170384907716,0.004611968703651772,geopotential700
35,3,sphereconv_hemconv_shared,320.34,0.9,1.5,7.00373038728065,0.003595911144296593,geopotential700
45,5,base,596.82,0.61,1.5,18.551136448045245,0.015285663629315289,geopotential700
46,5,base_latlon,610.44,0.61,1.5,10.906715066753417,0.011395482112806266,geopotential700
47,5,hemconv,585.24,0.64,1.5,10.466225615244651,0.011465454669182293,geopotential700
48,5,hemconv_halfsize,618.59,0.61,1.5,21.7142641321127,0.010525387148642549,geopotential700
49,5,hemconv_sharedweights,558.03,0.68,1.5,21.983472734005453,0.008520259991690425,geopotential700
50,5,persistence,791.59,0.39,3.0,,,geopotential700
51,5,sphereconv,574.51,0.66,1.5,11.744254419925225,0.009497725832068314,geopotential700
52,5,sphereconv_hemconv,542.39,0.69,1.5,7.82754613779129,0.00930993639022804,geopotential700
53,5,sphereconv_hemconv_shared,532.68,0.71,1.5,22.784393122671418,0.014908839101612843,geopotential700
27,3,base,513.77,0.88,1.5,13.970666243368596,0.005957407855902783,geopotential500
28,3,base_latlon,520.36,0.88,1.5,16.50844826503885,0.006556143084755559,geopotential500
29,3,hemconv,490.25,0.89,1.5,3.86897193382941,0.0012161280340246704,geopotential500
30,3,hemconv_halfsize,534.9,0.87,1.5,12.163572947187497,0.00408646366915824,geopotential500
31,3,hemconv_sharedweights,457.73,0.91,1.5,17.68976986704162,0.002028601349505098,geopotential500
32,3,persistence,936.04,0.62,3.0,,,geopotential500
33,3,sphereconv,479.57,0.9,1.5,13.268060942914607,0.0031809803223840556,geopotential500
34,3,sphereconv_hemconv,454.97,0.91,1.5,5.873454528433531,0.0031174823406851554,geopotential500
35,3,sphereconv_hemconv_shared,416.14,0.92,1.5,14.163137624818132,0.004102217351628982,geopotential500
45,5,base,787.84,0.7,1.5,25.861766248121572,0.016155490261310693,geopotential500
46,5,base_latlon,806.4,0.69,1.5,33.581069763728685,0.013856037973699692,geopotential500
47,5,hemconv,772.55,0.73,1.5,5.795871024110748,0.0043092533737125105,geopotential500
48,5,hemconv_halfsize,819.16,0.7,1.5,27.32439708868414,0.012264150323727383,geopotential500
49,5,hemconv_sharedweights,736.98,0.76,1.5,32.92111433991642,0.00761853324698805,geopotential500
50,5,persistence,1033.38,0.53,3.0,,,geopotential500
51,5,sphereconv,762.48,0.74,1.5,19.595415843771622,0.0075181595622415215,geopotential500
52,5,sphereconv_hemconv,727.45,0.75,1.5,12.298239137282751,0.008006610403258223,geopotential500
53,5,sphereconv_hemconv_shared,698.83,0.78,1.5,34.603252410785096,0.014828330165339328,geopotential500
27,3,base,734.76,0.9,1.5,18.379106718591657,0.005507020173922317,geopotential300
28,3,base_latlon,727.49,0.9,1.5,17.3561598545117,0.005722157821738673,geopotential300
29,3,hemconv,681.24,0.91,1.5,10.551539188069036,0.0030984196957673676,geopotential300
30,3,hemconv_halfsize,740.5,0.89,1.5,13.50005925053515,0.0027715605003250745,geopotential300
31,3,hemconv_sharedweights,638.4,0.92,1.5,27.48038425977104,0.002658614969447321,geopotential300
32,3,persistence,1289.65,0.68,3.0,,,geopotential300
33,3,sphereconv,677.01,0.92,1.5,53.29675730797206,0.004085281764495769,geopotential300
34,3,sphereconv_hemconv,619.21,0.92,1.5,9.571292409035035,0.0027832806456023224,geopotential300
35,3,sphereconv_hemconv_shared,572.37,0.94,1.5,17.399545494980607,0.003697939921723043,geopotential300
45,5,base,1129.72,0.74,1.5,17.78908330035715,0.014450313792265523,geopotential300
46,5,base_latlon,1127.1,0.74,1.5,31.56246602042023,0.01433912461573308,geopotential300
47,5,hemconv,1077.36,0.77,1.5,21.425623426459897,0.007908324671550105,geopotential300
48,5,hemconv_halfsize,1134.46,0.75,1.5,28.333864469499808,0.009983141484827547,geopotential300
49,5,hemconv_sharedweights,1030.33,0.79,1.5,45.561269277427456,0.007976369625268962,geopotential300
50,5,persistence,1410.96,0.62,3.0,,,geopotential300
51,5,sphereconv,1070.66,0.78,1.5,92.40785754377065,0.013225679580844422,geopotential300
52,5,sphereconv_hemconv,988.26,0.8,1.5,25.07197172362265,0.009778237871170043,geopotential300
53,5,sphereconv_hemconv_shared,960.31,0.81,1.5,43.799974295644446,0.013743863497145486,geopotential300
27,3,base,2.75,0.87,1.5,0.08159153895166514,0.010016820322806054,temperature850
28,3,base_latlon,2.73,0.87,1.5,0.03122790300711345,0.002928902944507876,temperature850
29,3,hemconv,2.69,0.87,1.5,0.0694621763083258,0.005192208003646455,temperature850
30,3,hemconv_halfsize,2.82,0.86,1.5,0.10585413707951022,0.010150435000775573,temperature850
31,3,hemconv_sharedweights,2.55,0.89,1.5,0.04541675341895774,0.00317279332195299,temperature850
32,3,persistence,4.3,0.69,3.0,,,temperature850
33,3,sphereconv,2.62,0.88,1.5,0.08230095880116572,0.0038570878455811445,temperature850
34,3,sphereconv_hemconv,2.56,0.89,1.5,0.02250471150692837,0.0016323115742746994,temperature850
35,3,sphereconv_hemconv_shared,2.5,0.9,1.5,0.07185682196399433,0.003591403153484323,temperature850
45,5,base,3.81,0.73,1.5,0.12269681216289169,0.02228760685143411,temperature850
46,5,base_latlon,3.82,0.74,1.5,0.066855495391369,0.004874319888439486,temperature850
47,5,hemconv,3.8,0.74,1.5,0.10486881106803123,0.008824649355281053,temperature850
48,5,hemconv_halfsize,3.88,0.73,1.5,0.1578169394553863,0.018098098054021856,temperature850
49,5,hemconv_sharedweights,3.63,0.77,1.5,0.06840512105516981,0.007340768107193525,temperature850
50,5,persistence,4.56,0.65,3.0,,,temperature850
51,5,sphereconv,3.7,0.76,1.5,0.13596868987815813,0.008603212475650334,temperature850
52,5,sphereconv_hemconv,3.62,0.76,1.5,0.02392848950605486,0.001586091792938006,temperature850
53,5,sphereconv_hemconv_shared,3.61,0.78,1.5,0.09371936557349282,0.009029545404695997,temperature850
